>AAGGGAAAAGGA	14-AAGGGAAAAGGA	9.293598	-28.849424	0	T:65.0(5.96%),B:964.0(2.11%),P:1e-12
0.707	0.202	0.082	0.009
0.771	0.081	0.118	0.030
0.136	0.112	0.550	0.202
0.125	0.015	0.736	0.124
0.128	0.041	0.782	0.049
0.883	0.044	0.072	0.001
0.915	0.046	0.005	0.034
0.879	0.024	0.081	0.016
0.789	0.075	0.092	0.044
0.181	0.075	0.492	0.252
0.126	0.096	0.702	0.076
0.630	0.021	0.313	0.036
