>MGGAAAYG	1-MGGAAAYG	5.569346	-196.835958	0	T:289.0(26.49%),B:3230.8(7.08%),P:1e-85	Tpos:100.4,Tstd:51.9,Bpos:99.7,Bstd:62.6,StrandBias:0.0,Multiplicity:1.20
0.570	0.428	0.001	0.001
0.001	0.001	0.997	0.001
0.001	0.001	0.997	0.001
0.997	0.001	0.001	0.001
0.596	0.001	0.001	0.402
0.943	0.001	0.055	0.001
0.001	0.570	0.001	0.428
0.001	0.001	0.997	0.001
>GTTTCCTG	2-GTTTCCTG	6.474772	-164.125413	0	T:271.0(24.84%),B:3316.7(7.27%),P:1e-71	Tpos:100.2,Tstd:54.5,Bpos:99.6,Bstd:63.0,StrandBias:-0.1,Multiplicity:1.09
0.209	0.001	0.789	0.001
0.001	0.210	0.001	0.788
0.001	0.001	0.001	0.997
0.001	0.001	0.001	0.997
0.001	0.997	0.001	0.001
0.001	0.997	0.001	0.001
0.001	0.001	0.061	0.937
0.001	0.001	0.997	0.001
>AACCACAA	3-AACCACAA	3.701148	-131.174128	0	T:343.0(31.44%),B:5853.0(12.83%),P:1e-56	Tpos:97.9,Tstd:49.8,Bpos:99.9,Bstd:63.1,StrandBias:0.1,Multiplicity:1.20
0.787	0.005	0.100	0.108
0.997	0.001	0.001	0.001
0.001	0.997	0.001	0.001
0.001	0.997	0.001	0.001
0.934	0.001	0.064	0.001
0.001	0.997	0.001	0.001
0.997	0.001	0.001	0.001
0.797	0.001	0.201	0.001
>TGTGGTTD	4-TGTGGTTD	7.211223	-123.628393	0	T:316.0(28.96%),B:5276.6(11.56%),P:1e-53	Tpos:94.5,Tstd:53.0,Bpos:99.0,Bstd:72.2,StrandBias:0.3,Multiplicity:1.32
0.001	0.014	0.003	0.982
0.001	0.131	0.867	0.001
0.001	0.212	0.001	0.786
0.001	0.001	0.734	0.264
0.001	0.001	0.997	0.001
0.031	0.060	0.001	0.908
0.001	0.122	0.027	0.850
0.269	0.001	0.349	0.381
>CATCCTGT	5-CATCCTGT	8.134613	-90.343464	0	T:108.0(9.90%),B:942.8(2.07%),P:1e-39	Tpos:103.2,Tstd:52.6,Bpos:102.9,Bstd:58.4,StrandBias:-0.1,Multiplicity:1.05
0.001	0.997	0.001	0.001
0.886	0.001	0.112	0.001
0.001	0.001	0.001	0.997
0.001	0.997	0.001	0.001
0.001	0.997	0.001	0.001
0.001	0.001	0.075	0.923
0.001	0.001	0.997	0.001
0.001	0.203	0.001	0.795
>DGTAAACA	6-DGTAAACA	9.001890	-83.048390	0	T:124.0(11.37%),B:1339.4(2.94%),P:1e-36	Tpos:103.6,Tstd:50.8,Bpos:100.9,Bstd:67.2,StrandBias:0.0,Multiplicity:1.12
0.311	0.140	0.277	0.271
0.032	0.001	0.966	0.001
0.001	0.001	0.001	0.997
0.944	0.007	0.001	0.048
0.997	0.001	0.001	0.001
0.997	0.001	0.001	0.001
0.001	0.987	0.001	0.011
0.992	0.006	0.001	0.001
>TGACTCAT	7-TGACTCAT	6.541366	-43.172777	0	T:156.0(14.30%),B:3006.6(6.59%),P:1e-18	Tpos:90.5,Tstd:57.2,Bpos:98.4,Bstd:60.9,StrandBias:0.1,Multiplicity:1.10
0.001	0.006	0.001	0.992
0.001	0.066	0.907	0.026
0.971	0.001	0.014	0.014
0.024	0.671	0.278	0.027
0.001	0.001	0.006	0.992
0.079	0.875	0.014	0.032
0.988	0.001	0.010	0.001
0.054	0.092	0.120	0.734
>ACTTCCGC	8-ACTTCCGC	7.004478	-42.947809	0	T:122.0(11.18%),B:2070.1(4.54%),P:1e-18	Tpos:95.1,Tstd:53.8,Bpos:100.7,Bstd:62.0,StrandBias:0.3,Multiplicity:1.07
0.800	0.076	0.060	0.064
0.001	0.967	0.001	0.031
0.058	0.001	0.086	0.855
0.021	0.001	0.001	0.977
0.026	0.956	0.017	0.001
0.001	0.986	0.012	0.001
0.085	0.209	0.657	0.049
0.050	0.819	0.042	0.089
>TTTCCGTT	9-TTTCCGTT	6.101269	-31.242242	0	T:229.0(20.99%),B:5826.2(12.77%),P:1e-13	Tpos:102.4,Tstd:56.3,Bpos:99.7,Bstd:68.4,StrandBias:-0.0,Multiplicity:1.59
0.013	0.291	0.033	0.663
0.062	0.109	0.066	0.763
0.071	0.047	0.065	0.817
0.027	0.809	0.053	0.111
0.102	0.824	0.057	0.017
0.011	0.236	0.678	0.075
0.110	0.149	0.066	0.675
0.071	0.047	0.101	0.781
>GTTCTACT	10-GTTCTACT	4.740626	-27.937045	0	T:75.0(6.87%),B:1237.0(2.71%),P:1e-12	Tpos:97.2,Tstd:60.6,Bpos:98.7,Bstd:61.3,StrandBias:0.7,Multiplicity:1.19
0.001	0.001	0.997	0.001
0.001	0.001	0.001	0.997
0.001	0.087	0.001	0.911
0.029	0.969	0.001	0.001
0.001	0.001	0.001	0.997
0.997	0.001	0.001	0.001
0.001	0.997	0.001	0.001
0.295	0.001	0.001	0.703
>GTGACCAC	11-GTGACCAC	6.361358	-26.022844	0	T:96.0(8.80%),B:1867.2(4.09%),P:1e-11	Tpos:94.6,Tstd:53.4,Bpos:98.9,Bstd:63.4,StrandBias:0.1,Multiplicity:1.21
0.063	0.001	0.935	0.001
0.001	0.001	0.001	0.997
0.097	0.158	0.744	0.001
0.852	0.001	0.146	0.001
0.001	0.997	0.001	0.001
0.001	0.932	0.001	0.066
0.922	0.001	0.076	0.001
0.001	0.997	0.001	0.001
>CCGCTGCA	12-CCGCTGCA	5.036527	-25.317051	0	T:351.0(32.17%),B:10601.8(23.23%),P:1e-10	Tpos:99.8,Tstd:56.9,Bpos:100.7,Bstd:63.7,StrandBias:0.1,Multiplicity:1.22
0.032	0.873	0.036	0.059
0.076	0.829	0.045	0.050
0.160	0.117	0.706	0.017
0.039	0.827	0.052	0.082
0.217	0.044	0.127	0.612
0.150	0.053	0.704	0.093
0.037	0.728	0.049	0.186
0.736	0.070	0.077	0.117
>GCGGCTGC	13-GCGGCTGC	6.577322	-24.646535	0	T:212.0(19.43%),B:5637.9(12.35%),P:1e-10	Tpos:99.6,Tstd:50.8,Bpos:99.2,Bstd:65.8,StrandBias:0.2,Multiplicity:1.26
0.001	0.001	0.997	0.001
0.087	0.658	0.001	0.254
0.001	0.184	0.512	0.303
0.001	0.001	0.997	0.001
0.001	0.791	0.001	0.207
0.240	0.001	0.084	0.675
0.173	0.001	0.606	0.220
0.001	0.997	0.001	0.001
>TCGCCATA	14-TCGCCATA	8.236954	-24.514818	0	T:10.0(0.92%),B:17.3(0.04%),P:1e-10	Tpos:81.7,Tstd:64.9,Bpos:100.1,Bstd:43.1,StrandBias:1.4,Multiplicity:1.10
0.100	0.100	0.100	0.700
0.100	0.700	0.100	0.100
0.100	0.100	0.700	0.100
0.100	0.700	0.100	0.100
0.100	0.700	0.100	0.100
0.700	0.100	0.100	0.100
0.100	0.100	0.100	0.700
0.700	0.100	0.100	0.100
>ACAGATAA	15-ACAGATAA	8.667510	-18.627256	0	T:65.0(5.96%),B:1242.6(2.72%),P:1e-8	Tpos:93.4,Tstd:53.3,Bpos:100.2,Bstd:60.2,StrandBias:0.2,Multiplicity:1.14
0.745	0.001	0.131	0.123
0.001	0.997	0.001	0.001
0.997	0.001	0.001	0.001
0.001	0.001	0.997	0.001
0.997	0.001	0.001	0.001
0.001	0.001	0.001	0.997
0.734	0.001	0.264	0.001
0.997	0.001	0.001	0.001
>AAGGGAAA	16-AAGGGAAA	9.587567	-16.827208	0	T:50.0(4.58%),B:887.8(1.95%),P:1e-7	Tpos:104.9,Tstd:55.6,Bpos:95.2,Bstd:69.6,StrandBias:0.2,Multiplicity:6.18
0.997	0.001	0.001	0.001
0.693	0.001	0.305	0.001
0.310	0.001	0.688	0.001
0.001	0.001	0.997	0.001
0.253	0.001	0.745	0.001
0.634	0.001	0.364	0.001
0.997	0.001	0.001	0.001
0.997	0.001	0.001	0.001
>GGGTCACG	17-GGGTCACG	7.635997	-15.067797	0	T:46.0(4.22%),B:832.8(1.82%),P:1e-6	Tpos:98.9,Tstd:52.1,Bpos:97.1,Bstd:65.9,StrandBias:0.5,Multiplicity:1.07
0.001	0.001	0.997	0.001
0.001	0.069	0.929	0.001
0.001	0.001	0.772	0.226
0.001	0.147	0.001	0.851
0.001	0.534	0.211	0.254
0.997	0.001	0.001	0.001
0.001	0.997	0.001	0.001
0.152	0.001	0.846	0.001
>TTCCCTTT	18-TTCCCTTT	9.025597	-13.464133	0	T:97.0(8.89%),B:2455.7(5.38%),P:1e-5	Tpos:98.5,Tstd:55.2,Bpos:99.4,Bstd:65.1,StrandBias:-0.8,Multiplicity:1.99
0.001	0.001	0.001	0.997
0.001	0.380	0.001	0.618
0.001	0.803	0.001	0.195
0.001	0.997	0.001	0.001
0.001	0.997	0.001	0.001
0.001	0.422	0.001	0.576
0.001	0.001	0.001	0.997
0.001	0.001	0.001	0.997
>GAGAGGAC	19-GAGAGGAC	8.784994	-13.124069	0	T:84.0(7.70%),B:2052.0(4.50%),P:1e-5	Tpos:103.7,Tstd:53.7,Bpos:101.0,Bstd:61.1,StrandBias:-0.3,Multiplicity:1.23
0.001	0.001	0.997	0.001
0.997	0.001	0.001	0.001
0.001	0.392	0.606	0.001
0.997	0.001	0.001	0.001
0.001	0.001	0.741	0.257
0.001	0.001	0.997	0.001
0.997	0.001	0.001	0.001
0.348	0.650	0.001	0.001
>TTTCTCAT	20-TTTCTCAT	8.236954	-12.083404	0	T:33.0(3.02%),B:572.7(1.26%),P:1e-5	Tpos:94.2,Tstd:53.6,Bpos:104.5,Bstd:61.6,StrandBias:0.9,Multiplicity:1.36
0.100	0.100	0.100	0.700
0.100	0.100	0.100	0.700
0.100	0.100	0.100	0.700
0.100	0.700	0.100	0.100
0.100	0.100	0.100	0.700
0.100	0.700	0.100	0.100
0.700	0.100	0.100	0.100
0.100	0.100	0.100	0.700
>CTGRGTGT	21-CTGRGTGT	8.369837	-10.334502	0	T:79.0(7.24%),B:2051.1(4.49%),P:1e-4	Tpos:110.2,Tstd:54.1,Bpos:100.2,Bstd:66.2,StrandBias:0.5,Multiplicity:1.26
0.001	0.785	0.213	0.001
0.001	0.001	0.335	0.663
0.062	0.001	0.936	0.001
0.432	0.001	0.566	0.001
0.075	0.001	0.923	0.001
0.001	0.032	0.001	0.966
0.001	0.001	0.990	0.008
0.001	0.001	0.001	0.997
>TCTCTCTC	22-TCTCTCTC	8.236954	-5.362995	0	T:65.0(5.96%),B:1939.5(4.25%),P:1e-2	Tpos:105.0,Tstd:49.2,Bpos:96.8,Bstd:67.9,StrandBias:-0.9,Multiplicity:1.31
0.100	0.100	0.100	0.700
0.100	0.700	0.100	0.100
0.100	0.100	0.100	0.700
0.100	0.700	0.100	0.100
0.100	0.100	0.100	0.700
0.100	0.700	0.100	0.100
0.100	0.100	0.100	0.700
0.100	0.700	0.100	0.100
>CTATCTAT	23-CTATCTAT	9.502115	-5.010513	0	T:15.0(1.37%),B:299.7(0.66%),P:1e-2	Tpos:106.0,Tstd:43.6,Bpos:97.9,Bstd:55.4,StrandBias:0.9,Multiplicity:2.13
0.001	0.997	0.001	0.001
0.001	0.001	0.046	0.952
0.997	0.001	0.001	0.001
0.231	0.001	0.001	0.767
0.001	0.997	0.001	0.001
0.001	0.001	0.055	0.943
0.997	0.001	0.001	0.001
0.001	0.001	0.001	0.997
>CAGTATTC	24-CAGTATTC	8.236954	-1.111720	0	T:6.0(0.55%),B:196.4(0.43%),P:1e0	Tpos:126.9,Tstd:43.8,Bpos:103.4,Bstd:56.3,StrandBias:-2.9,Multiplicity:2.83
0.100	0.700	0.100	0.100
0.700	0.100	0.100	0.100
0.100	0.100	0.700	0.100
0.100	0.100	0.100	0.700
0.700	0.100	0.100	0.100
0.100	0.100	0.100	0.700
0.100	0.100	0.100	0.700
0.100	0.700	0.100	0.100
