>TGYTGTTGTTGT	13-TGYTGTTGTTGT,BestGuess:PB0122.1_Foxk1_2/Jaspar(0.801)	9.300034	-29.691830	0	T:73.0(6.69%),B:1142.5(2.50%),P:1e-12
0.116	0.038	0.020	0.826
0.083	0.093	0.699	0.125
0.051	0.477	0.121	0.351
0.065	0.049	0.073	0.813
0.061	0.019	0.801	0.119
0.023	0.224	0.055	0.698
0.057	0.035	0.079	0.829
0.054	0.034	0.828	0.084
0.057	0.139	0.038	0.766
0.019	0.026	0.091	0.864
0.063	0.099	0.721	0.117
0.072	0.213	0.033	0.682
