>BKGTGGTTTCCR	10-BKGTGGTTTCCR	7.978002	-45.983120	0	T:106.0(9.72%),B:1585.1(3.47%),P:1e-19
0.124	0.322	0.245	0.309
0.101	0.180	0.334	0.384
0.013	0.119	0.716	0.152
0.055	0.275	0.001	0.669
0.013	0.051	0.876	0.060
0.001	0.023	0.968	0.008
0.001	0.150	0.001	0.848
0.012	0.001	0.001	0.986
0.116	0.032	0.107	0.745
0.048	0.799	0.152	0.001
0.087	0.557	0.013	0.343
0.389	0.150	0.331	0.131
