>GAAAAGGGAAAA	11-GAAAAGGGAAAA	12.761999	-45.235410	0	T:24.0(2.20%),B:67.2(0.15%),P:1e-19
0.316	0.032	0.602	0.050
0.683	0.025	0.291	0.001
0.790	0.001	0.185	0.024
0.985	0.001	0.013	0.001
0.855	0.025	0.087	0.033
0.208	0.051	0.653	0.088
0.018	0.001	0.786	0.195
0.204	0.001	0.794	0.001
0.715	0.001	0.283	0.001
0.893	0.049	0.033	0.025
0.941	0.036	0.022	0.001
0.784	0.030	0.185	0.001
