>GAGAGAGAGNGA	20-GAGAGAGAGNGA	9.374725	-15.680269	0	T:45.0(4.12%),B:787.7(1.73%),P:1e-6
0.243	0.153	0.502	0.102
0.614	0.048	0.194	0.144
0.190	0.147	0.589	0.074
0.697	0.034	0.161	0.108
0.230	0.133	0.565	0.072
0.698	0.052	0.149	0.101
0.261	0.117	0.537	0.085
0.654	0.059	0.174	0.113
0.188	0.097	0.623	0.092
0.293	0.317	0.207	0.182
0.284	0.130	0.434	0.151
0.506	0.126	0.236	0.132
