>CVCTTCCTGCNN	5-CVCTTCCTGCNN	4.975264	-55.956633	0	T:373.0(34.19%),B:9462.4(20.73%),P:1e-24
0.259	0.417	0.205	0.119
0.295	0.296	0.300	0.109
0.123	0.652	0.136	0.089
0.096	0.082	0.282	0.540
0.177	0.082	0.137	0.604
0.068	0.624	0.144	0.164
0.082	0.540	0.177	0.201
0.049	0.232	0.272	0.448
0.150	0.133	0.682	0.035
0.109	0.686	0.096	0.109
0.177	0.284	0.218	0.321
0.232	0.201	0.327	0.240
