>SAYTTCCTGT	1-SAYTTCCTGT	7.622879	-280.747649	0	T:329.0(30.16%),B:3024.7(6.63%),P:1e-121	Tpos:100.3,Tstd:51.5,Bpos:97.7,Bstd:60.7,StrandBias:-0.0,Multiplicity:1.22
0.145	0.354	0.393	0.108
0.577	0.036	0.301	0.086
0.001	0.551	0.001	0.447
0.325	0.001	0.069	0.605
0.027	0.001	0.043	0.929
0.023	0.975	0.001	0.001
0.019	0.945	0.001	0.035
0.047	0.001	0.251	0.701
0.071	0.214	0.714	0.001
0.021	0.223	0.139	0.617
>TAACCACARH	2-TAACCACARH	7.465916	-139.944151	0	T:247.0(22.64%),B:3157.2(6.92%),P:1e-60	Tpos:96.6,Tstd:51.4,Bpos:98.5,Bstd:64.3,StrandBias:0.3,Multiplicity:1.18
0.395	0.001	0.001	0.603
0.583	0.107	0.178	0.132
0.871	0.027	0.101	0.001
0.073	0.925	0.001	0.001
0.015	0.983	0.001	0.001
0.840	0.059	0.001	0.100
0.111	0.834	0.054	0.001
0.908	0.001	0.001	0.090
0.431	0.063	0.304	0.202
0.246	0.350	0.184	0.220
>NBTTGTTTAC	3-NBTTGTTTAC	8.020443	-96.084860	0	T:165.0(15.12%),B:2017.9(4.42%),P:1e-41	Tpos:107.2,Tstd:51.1,Bpos:100.5,Bstd:66.2,StrandBias:-0.1,Multiplicity:1.16
0.240	0.279	0.191	0.290
0.150	0.223	0.354	0.273
0.186	0.181	0.151	0.481
0.001	0.001	0.001	0.997
0.001	0.001	0.997	0.001
0.001	0.029	0.001	0.969
0.071	0.001	0.001	0.927
0.001	0.001	0.229	0.769
0.997	0.001	0.001	0.001
0.001	0.633	0.100	0.266
>CAACMACAAC	4-CAACMACAAC	6.722041	-69.173450	0	T:313.0(28.69%),B:6854.2(15.02%),P:1e-30	Tpos:96.4,Tstd:52.6,Bpos:100.6,Bstd:69.6,StrandBias:-0.3,Multiplicity:1.34
0.215	0.710	0.074	0.001
0.823	0.105	0.001	0.071
0.791	0.001	0.207	0.001
0.001	0.920	0.013	0.066
0.565	0.433	0.001	0.001
0.627	0.001	0.371	0.001
0.001	0.997	0.001	0.001
0.870	0.114	0.015	0.001
0.653	0.001	0.283	0.063
0.280	0.600	0.040	0.080
>GGGCGGAAGC	5-GGGCGGAAGC	7.562902	-57.157481	0	T:79.0(7.24%),B:794.3(1.74%),P:1e-24	Tpos:100.6,Tstd:53.5,Bpos:103.0,Bstd:65.2,StrandBias:-0.0,Multiplicity:1.08
0.056	0.106	0.764	0.074
0.335	0.080	0.558	0.027
0.116	0.133	0.713	0.038
0.068	0.710	0.091	0.131
0.001	0.029	0.954	0.016
0.001	0.060	0.938	0.001
0.754	0.119	0.079	0.048
0.904	0.001	0.001	0.094
0.111	0.039	0.786	0.064
0.091	0.515	0.061	0.333
>CCCGCATCCG	6-CCCGCATCCG	9.525978	-42.875806	0	T:26.0(2.38%),B:93.8(0.21%),P:1e-18	Tpos:85.0,Tstd:48.8,Bpos:97.4,Bstd:59.1,StrandBias:0.6,Multiplicity:1.33
0.016	0.982	0.001	0.001
0.001	0.647	0.343	0.009
0.010	0.531	0.330	0.129
0.334	0.001	0.664	0.001
0.001	0.684	0.001	0.314
0.814	0.001	0.004	0.181
0.001	0.128	0.001	0.870
0.001	0.993	0.005	0.001
0.181	0.817	0.001	0.001
0.001	0.001	0.668	0.330
>TGACTCATHD	7-TGACTCATHD	7.582952	-37.377053	0	T:110.0(10.08%),B:1903.4(4.17%),P:1e-16	Tpos:99.8,Tstd:56.4,Bpos:96.9,Bstd:59.8,StrandBias:0.2,Multiplicity:1.09
0.019	0.001	0.013	0.967
0.001	0.159	0.829	0.011
0.844	0.043	0.001	0.112
0.001	0.600	0.398	0.001
0.001	0.001	0.001	0.997
0.244	0.516	0.044	0.196
0.947	0.001	0.001	0.051
0.001	0.191	0.187	0.621
0.361	0.241	0.013	0.385
0.302	0.133	0.235	0.330
>TGTAGAACGT	8-TGTAGAACGT	9.675107	-34.242448	0	T:23.0(2.11%),B:99.8(0.22%),P:1e-14	Tpos:108.4,Tstd:56.6,Bpos:99.2,Bstd:59.5,StrandBias:-0.9,Multiplicity:1.39
0.001	0.001	0.001	0.997
0.001	0.001	0.997	0.001
0.001	0.001	0.001	0.997
0.997	0.001	0.001	0.001
0.001	0.001	0.997	0.001
0.797	0.001	0.201	0.001
0.997	0.001	0.001	0.001
0.001	0.997	0.001	0.001
0.233	0.184	0.582	0.001
0.331	0.001	0.001	0.667
>ATATGGCGAG	9-ATATGGCGAG	10.318110	-33.174047	0	T:15.0(1.37%),B:31.9(0.07%),P:1e-14	Tpos:100.9,Tstd:55.0,Bpos:103.3,Bstd:49.5,StrandBias:-1.1,Multiplicity:1.67
0.943	0.001	0.001	0.055
0.039	0.001	0.001	0.959
0.889	0.055	0.001	0.055
0.001	0.001	0.001	0.997
0.055	0.001	0.943	0.001
0.055	0.001	0.943	0.001
0.001	0.902	0.001	0.096
0.179	0.001	0.819	0.001
0.997	0.001	0.001	0.001
0.055	0.001	0.943	0.001
>GTGGGTGAGS	10-GTGGGTGAGS	6.143837	-29.955702	0	T:67.0(6.14%),B:988.3(2.17%),P:1e-13	Tpos:102.5,Tstd:56.6,Bpos:104.0,Bstd:60.0,StrandBias:0.2,Multiplicity:1.06
0.035	0.201	0.512	0.252
0.067	0.127	0.119	0.687
0.218	0.211	0.385	0.186
0.254	0.082	0.600	0.064
0.298	0.072	0.536	0.094
0.147	0.021	0.307	0.525
0.203	0.115	0.431	0.251
0.567	0.070	0.044	0.319
0.328	0.060	0.538	0.074
0.081	0.436	0.391	0.092
>AAARGGGAAA	11-AAARGGGAAA	12.340827	-29.229661	0	T:34.0(3.12%),B:296.9(0.65%),P:1e-12	Tpos:105.7,Tstd:54.1,Bpos:91.9,Bstd:73.6,StrandBias:0.1,Multiplicity:8.82
0.997	0.001	0.001	0.001
0.997	0.001	0.001	0.001
0.974	0.001	0.024	0.001
0.426	0.001	0.572	0.001
0.001	0.001	0.997	0.001
0.001	0.002	0.996	0.001
0.407	0.001	0.591	0.001
0.981	0.001	0.017	0.001
0.997	0.001	0.001	0.001
0.997	0.001	0.001	0.001
>ACTGAAAAAC	12-ACTGAAAAAC	10.469085	-26.242787	0	T:18.0(1.65%),B:82.9(0.18%),P:1e-11	Tpos:100.2,Tstd:56.9,Bpos:105.4,Bstd:77.7,StrandBias:-1.4,Multiplicity:1.22
0.997	0.001	0.001	0.001
0.001	0.997	0.001	0.001
0.001	0.108	0.001	0.890
0.001	0.001	0.997	0.001
0.997	0.001	0.001	0.001
0.997	0.001	0.001	0.001
0.945	0.001	0.001	0.053
0.997	0.001	0.001	0.001
0.727	0.001	0.001	0.271
0.001	0.997	0.001	0.001
>TGYACTTCCT	13-TGYACTTCCT	10.788956	-24.253969	0	T:20.0(1.83%),B:119.5(0.26%),P:1e-10	Tpos:112.0,Tstd:49.5,Bpos:84.1,Bstd:63.8,StrandBias:-1.1,Multiplicity:1.45
0.082	0.379	0.001	0.538
0.001	0.001	0.997	0.001
0.001	0.552	0.001	0.446
0.997	0.001	0.001	0.001
0.001	0.997	0.001	0.001
0.001	0.001	0.001	0.997
0.001	0.001	0.001	0.997
0.001	0.997	0.001	0.001
0.001	0.997	0.001	0.001
0.001	0.159	0.001	0.839
>CGTGACCACG	14-CGTGACCACG	9.785008	-20.924997	0	T:14.0(1.28%),B:63.6(0.14%),P:1e-9	Tpos:90.8,Tstd:51.5,Bpos:113.0,Bstd:63.5,StrandBias:-0.7,Multiplicity:1.21
0.001	0.752	0.125	0.122
0.049	0.034	0.826	0.091
0.001	0.001	0.090	0.908
0.001	0.001	0.997	0.001
0.908	0.001	0.090	0.001
0.001	0.908	0.090	0.001
0.001	0.997	0.001	0.001
0.953	0.045	0.001	0.001
0.001	0.997	0.001	0.001
0.091	0.091	0.817	0.001
>GGAARGGAAA	15-GGAARGGAAA	7.339644	-18.444511	0	T:167.0(15.31%),B:4493.6(9.85%),P:1e-8	Tpos:97.3,Tstd:56.9,Bpos:98.8,Bstd:67.4,StrandBias:0.2,Multiplicity:2.30
0.263	0.141	0.595	0.001
0.317	0.063	0.526	0.094
0.530	0.079	0.326	0.065
0.563	0.023	0.392	0.022
0.502	0.036	0.452	0.010
0.179	0.037	0.746	0.038
0.197	0.032	0.574	0.197
0.571	0.042	0.365	0.022
0.686	0.004	0.215	0.095
0.856	0.004	0.118	0.022
>CAGCAGCGGC	16-CAGCAGCGGC	6.730838	-18.378226	0	T:117.0(10.72%),B:2832.1(6.21%),P:1e-7	Tpos:105.5,Tstd:49.0,Bpos:98.7,Bstd:67.1,StrandBias:0.1,Multiplicity:1.15
0.001	0.918	0.038	0.043
0.584	0.030	0.061	0.325
0.071	0.078	0.850	0.001
0.002	0.828	0.077	0.093
0.571	0.001	0.151	0.277
0.001	0.001	0.974	0.024
0.028	0.948	0.012	0.012
0.001	0.072	0.791	0.136
0.001	0.059	0.939	0.001
0.023	0.605	0.329	0.043
>ACTCAGACAC	17-ACTCAGACAC	10.223841	-17.942788	0	T:21.0(1.92%),B:191.5(0.42%),P:1e-7	Tpos:106.0,Tstd:55.3,Bpos:102.2,Bstd:57.8,StrandBias:-1.1,Multiplicity:1.29
0.997	0.001	0.001	0.001
0.039	0.959	0.001	0.001
0.001	0.001	0.001	0.997
0.001	0.997	0.001	0.001
0.907	0.001	0.001	0.091
0.001	0.001	0.997	0.001
0.823	0.001	0.175	0.001
0.001	0.997	0.001	0.001
0.997	0.001	0.001	0.001
0.001	0.919	0.079	0.001
>TTTCTCATTT	18-TTTCTCATTT	13.747071	-17.203452	0	T:12.0(1.10%),B:59.5(0.13%),P:1e-7	Tpos:95.5,Tstd:54.2,Bpos:108.3,Bstd:45.9,StrandBias:1.6,Multiplicity:1.67
0.001	0.001	0.001	0.997
0.001	0.001	0.001	0.997
0.001	0.001	0.001	0.997
0.083	0.915	0.001	0.001
0.001	0.001	0.001	0.997
0.001	0.997	0.001	0.001
0.997	0.001	0.001	0.001
0.001	0.001	0.001	0.997
0.001	0.001	0.001	0.997
0.001	0.001	0.001	0.997
>TGAAATGKGS	19-TGAAATGKGS	8.113788	-13.653015	0	T:50.0(4.58%),B:991.0(2.17%),P:1e-5	Tpos:89.0,Tstd:55.2,Bpos:101.3,Bstd:62.2,StrandBias:0.4,Multiplicity:1.07
0.079	0.090	0.074	0.757
0.001	0.079	0.875	0.045
0.566	0.029	0.009	0.396
0.891	0.032	0.029	0.048
0.783	0.026	0.166	0.025
0.019	0.001	0.121	0.859
0.001	0.018	0.932	0.049
0.093	0.001	0.430	0.475
0.001	0.035	0.897	0.067
0.029	0.481	0.489	0.001
>TCTCTCTCTC	20-TCTCTCTCTC	8.834734	-12.961549	0	T:54.0(4.95%),B:1132.8(2.48%),P:1e-5	Tpos:105.4,Tstd:47.9,Bpos:97.1,Bstd:67.7,StrandBias:-1.0,Multiplicity:1.30
0.001	0.001	0.013	0.985
0.001	0.997	0.001	0.001
0.001	0.001	0.010	0.988
0.001	0.997	0.001	0.001
0.007	0.001	0.002	0.990
0.001	0.997	0.001	0.001
0.001	0.001	0.007	0.991
0.001	0.997	0.001	0.001
0.001	0.001	0.013	0.985
0.001	0.997	0.001	0.001
>TCTATCTATC	21-TCTATCTATC	8.010752	-9.448985	0	T:59.0(5.41%),B:1450.9(3.18%),P:1e-4	Tpos:92.3,Tstd:55.5,Bpos:101.8,Bstd:64.0,StrandBias:0.4,Multiplicity:1.12
0.125	0.323	0.001	0.551
0.109	0.889	0.001	0.001
0.001	0.110	0.001	0.888
0.687	0.032	0.250	0.031
0.019	0.126	0.001	0.854
0.035	0.593	0.029	0.343
0.001	0.010	0.152	0.837
0.586	0.001	0.132	0.281
0.144	0.033	0.001	0.822
0.160	0.796	0.043	0.001
>ACTGGTCATC	22-ACTGGTCATC	11.725594	-3.883930	0	T:3.0(0.27%),B:24.4(0.05%),P:1e-1	Tpos:87.9,Tstd:54.8,Bpos:111.5,Bstd:58.6,StrandBias:3.0,Multiplicity:3.00
0.997	0.001	0.001	0.001
0.001	0.997	0.001	0.001
0.001	0.001	0.001	0.997
0.141	0.001	0.857	0.001
0.141	0.001	0.857	0.001
0.001	0.001	0.001	0.997
0.001	0.997	0.001	0.001
0.997	0.001	0.001	0.001
0.001	0.001	0.001	0.997
0.001	0.997	0.001	0.001
>CCTGTCCTGT	23-CCTGTCCTGT	10.296193	-3.687830	0	T:5.0(0.46%),B:68.1(0.15%),P:1e-1	Tpos:126.9,Tstd:52.6,Bpos:111.1,Bstd:55.9,StrandBias:3.7,Multiplicity:2.80
0.100	0.700	0.100	0.100
0.100	0.700	0.100	0.100
0.100	0.100	0.100	0.700
0.100	0.100	0.700	0.100
0.100	0.100	0.100	0.700
0.100	0.700	0.100	0.100
0.100	0.700	0.100	0.100
0.100	0.100	0.100	0.700
0.100	0.100	0.700	0.100
0.100	0.100	0.100	0.700
>TGGGAATACT	24-TGGGAATACT	13.530735	-2.012603	0	T:1.0(0.09%),B:7.0(0.02%),P:1e0	Tpos:138.4,Tstd:36.5,Bpos:96.0,Bstd:52.0,StrandBias:10.0,Multiplicity:7.00
0.001	0.001	0.001	0.997
0.001	0.001	0.997	0.001
0.261	0.001	0.737	0.001
0.001	0.001	0.997	0.001
0.997	0.001	0.001	0.001
0.997	0.001	0.001	0.001
0.001	0.001	0.001	0.997
0.997	0.001	0.001	0.001
0.001	0.997	0.001	0.001
0.001	0.001	0.001	0.997
>TCCTGCTCCT	25-TCCTGCTCCT	10.296193	-1.848828	0	T:4.0(0.37%),B:87.2(0.19%),P:1e0	Tpos:110.0,Tstd:64.0,Bpos:112.5,Bstd:52.6,StrandBias:10.0,Multiplicity:4.00
0.100	0.100	0.100	0.700
0.100	0.700	0.100	0.100
0.100	0.700	0.100	0.100
0.100	0.100	0.100	0.700
0.100	0.100	0.700	0.100
0.100	0.700	0.100	0.100
0.100	0.100	0.100	0.700
0.100	0.700	0.100	0.100
0.100	0.700	0.100	0.100
0.100	0.100	0.100	0.700
>ACAGGAAGTGGN	1-ACAGGAAGTGGN	8.729203	-290.474848	0	T:265.0(24.29%),B:1785.6(3.91%),P:1e-126	Tpos:100.9,Tstd:49.8,Bpos:99.2,Bstd:61.4,StrandBias:0.1,Multiplicity:1.20
0.670	0.001	0.328	0.001
0.073	0.786	0.140	0.001
0.997	0.001	0.001	0.001
0.001	0.001	0.997	0.001
0.001	0.001	0.997	0.001
0.997	0.001	0.001	0.001
0.703	0.001	0.001	0.295
0.346	0.001	0.652	0.001
0.001	0.299	0.001	0.699
0.205	0.144	0.461	0.190
0.258	0.208	0.416	0.119
0.285	0.217	0.244	0.254
>WDACCACARMYV	2-WDACCACARMYV	8.799965	-145.291790	0	T:181.0(16.59%),B:1674.1(3.67%),P:1e-63	Tpos:97.6,Tstd:52.0,Bpos:96.7,Bstd:63.1,StrandBias:0.1,Multiplicity:1.16
0.334	0.192	0.001	0.473
0.380	0.131	0.238	0.250
0.997	0.001	0.001	0.001
0.001	0.997	0.001	0.001
0.001	0.997	0.001	0.001
0.997	0.001	0.001	0.001
0.001	0.997	0.001	0.001
0.997	0.001	0.001	0.001
0.307	0.001	0.456	0.236
0.269	0.386	0.213	0.132
0.186	0.390	0.165	0.259
0.335	0.216	0.290	0.160
>GTCCTACAGTGT	3-GTCCTACAGTGT	13.503062	-67.884785	0	T:14.0(1.28%),B:2.8(0.01%),P:1e-29	Tpos:110.4,Tstd:47.9,Bpos:122.4,Bstd:39.2,StrandBias:1.5,Multiplicity:1.36
0.001	0.001	0.997	0.001
0.001	0.001	0.001	0.997
0.001	0.668	0.001	0.330
0.042	0.915	0.001	0.042
0.001	0.042	0.001	0.956
0.956	0.001	0.001	0.042
0.093	0.864	0.001	0.042
0.997	0.001	0.001	0.001
0.001	0.001	0.997	0.001
0.001	0.001	0.001	0.997
0.001	0.001	0.997	0.001
0.001	0.001	0.092	0.906
>ATATGGCGAGAA	4-ATATGGCGAGAA	13.677171	-58.643718	0	T:11.0(1.01%),B:1.5(0.00%),P:1e-25	Tpos:110.2,Tstd:62.3,Bpos:126.5,Bstd:0.4,StrandBias:-1.2,Multiplicity:1.18
0.680	0.001	0.001	0.318
0.159	0.001	0.001	0.839
0.839	0.001	0.001	0.159
0.001	0.001	0.001	0.997
0.001	0.001	0.997	0.001
0.159	0.001	0.839	0.001
0.001	0.997	0.001	0.001
0.337	0.001	0.661	0.001
0.997	0.001	0.001	0.001
0.001	0.001	0.997	0.001
0.835	0.001	0.163	0.001
0.997	0.001	0.001	0.001
>CVCTTCCTGCNN	5-CVCTTCCTGCNN	4.975264	-55.956633	0	T:373.0(34.19%),B:9462.4(20.73%),P:1e-24	Tpos:100.4,Tstd:55.0,Bpos:100.1,Bstd:61.8,StrandBias:0.1,Multiplicity:1.20
0.259	0.417	0.205	0.119
0.295	0.296	0.300	0.109
0.123	0.652	0.136	0.089
0.096	0.082	0.282	0.540
0.177	0.082	0.137	0.604
0.068	0.624	0.144	0.164
0.082	0.540	0.177	0.201
0.049	0.232	0.272	0.448
0.150	0.133	0.682	0.035
0.109	0.686	0.096	0.109
0.177	0.284	0.218	0.321
0.232	0.201	0.327	0.240
>TCGCCATATTCC	6-TCGCCATATTCC	13.702315	-52.502896	0	T:10.0(0.92%),B:1.7(0.00%),P:1e-22	Tpos:87.2,Tstd:55.3,Bpos:94.5,Bstd:40.8,StrandBias:1.2,Multiplicity:1.25
0.001	0.001	0.001	0.997
0.001	0.749	0.125	0.125
0.001	0.001	0.997	0.001
0.124	0.874	0.001	0.001
0.001	0.874	0.001	0.124
0.997	0.001	0.001	0.001
0.124	0.001	0.001	0.874
0.874	0.001	0.001	0.124
0.001	0.001	0.001	0.997
0.001	0.001	0.001	0.997
0.001	0.874	0.001	0.124
0.001	0.997	0.001	0.001
>GGAAAAGGGAAA	7-GGAAAAGGGAAA	14.140874	-50.547095	0	T:24.0(2.20%),B:53.7(0.12%),P:1e-21	Tpos:85.7,Tstd:50.5,Bpos:95.2,Bstd:83.1,StrandBias:0.2,Multiplicity:4.35
0.001	0.001	0.997	0.001
0.189	0.001	0.809	0.001
0.743	0.001	0.255	0.001
0.997	0.001	0.001	0.001
0.997	0.001	0.001	0.001
0.888	0.001	0.110	0.001
0.175	0.001	0.823	0.001
0.001	0.001	0.997	0.001
0.172	0.001	0.826	0.001
0.919	0.001	0.079	0.001
0.997	0.001	0.001	0.001
0.732	0.001	0.266	0.001
>AGTTGTTTACAT	8-AGTTGTTTACAT	8.764699	-47.570427	0	T:84.0(7.70%),B:1040.1(2.28%),P:1e-20	Tpos:114.0,Tstd:55.4,Bpos:94.8,Bstd:66.5,StrandBias:0.4,Multiplicity:1.12
0.565	0.012	0.172	0.251
0.159	0.119	0.571	0.151
0.166	0.079	0.163	0.592
0.017	0.001	0.069	0.913
0.069	0.001	0.913	0.017
0.034	0.001	0.001	0.964
0.034	0.001	0.017	0.948
0.001	0.001	0.001	0.997
0.675	0.026	0.117	0.182
0.069	0.689	0.108	0.134
0.645	0.113	0.012	0.230
0.076	0.096	0.206	0.622
>AAAAGGGGAAAA	9-AAAAGGGGAAAA	15.036340	-46.481510	0	T:19.0(1.74%),B:30.6(0.07%),P:1e-20	Tpos:111.2,Tstd:51.3,Bpos:89.5,Bstd:95.2,StrandBias:0.0,Multiplicity:8.32
0.980	0.001	0.018	0.001
0.995	0.001	0.003	0.001
0.996	0.001	0.002	0.001
0.962	0.003	0.034	0.001
0.342	0.001	0.656	0.001
0.001	0.001	0.997	0.001
0.001	0.001	0.997	0.001
0.351	0.001	0.645	0.003
0.970	0.001	0.028	0.001
0.997	0.001	0.001	0.001
0.996	0.002	0.001	0.001
0.981	0.002	0.016	0.001
>BKGTGGTTTCCR	10-BKGTGGTTTCCR	7.978002	-45.983120	0	T:106.0(9.72%),B:1585.1(3.47%),P:1e-19	Tpos:99.5,Tstd:55.1,Bpos:100.5,Bstd:63.2,StrandBias:-0.5,Multiplicity:1.03
0.124	0.322	0.245	0.309
0.101	0.180	0.334	0.384
0.013	0.119	0.716	0.152
0.055	0.275	0.001	0.669
0.013	0.051	0.876	0.060
0.001	0.023	0.968	0.008
0.001	0.150	0.001	0.848
0.012	0.001	0.001	0.986
0.116	0.032	0.107	0.745
0.048	0.799	0.152	0.001
0.087	0.557	0.013	0.343
0.389	0.150	0.331	0.131
>GAAAAGGGAAAA	11-GAAAAGGGAAAA	12.761999	-45.235410	0	T:24.0(2.20%),B:67.2(0.15%),P:1e-19	Tpos:120.4,Tstd:60.9,Bpos:109.2,Bstd:43.0,StrandBias:0.4,Multiplicity:1.27
0.316	0.032	0.602	0.050
0.683	0.025	0.291	0.001
0.790	0.001	0.185	0.024
0.985	0.001	0.013	0.001
0.855	0.025	0.087	0.033
0.208	0.051	0.653	0.088
0.018	0.001	0.786	0.195
0.204	0.001	0.794	0.001
0.715	0.001	0.283	0.001
0.893	0.049	0.033	0.025
0.941	0.036	0.022	0.001
0.784	0.030	0.185	0.001
>TTTCTCATTTTC	12-TTTCTCATTTTC	13.565028	-38.254021	0	T:14.0(1.28%),B:17.2(0.04%),P:1e-16	Tpos:97.4,Tstd:58.7,Bpos:109.5,Bstd:39.5,StrandBias:1.9,Multiplicity:1.27
0.085	0.001	0.001	0.913
0.001	0.001	0.085	0.913
0.001	0.001	0.001	0.997
0.085	0.913	0.001	0.001
0.001	0.001	0.001	0.997
0.001	0.953	0.001	0.045
0.997	0.001	0.001	0.001
0.001	0.001	0.001	0.997
0.001	0.001	0.001	0.997
0.001	0.001	0.001	0.997
0.001	0.069	0.001	0.929
0.001	0.944	0.054	0.001
>TGYTGTTGTTGT	13-TGYTGTTGTTGT	9.300034	-29.691830	0	T:73.0(6.69%),B:1142.5(2.50%),P:1e-12	Tpos:97.1,Tstd:52.2,Bpos:99.7,Bstd:78.8,StrandBias:0.5,Multiplicity:1.37
0.116	0.038	0.020	0.826
0.083	0.093	0.699	0.125
0.051	0.477	0.121	0.351
0.065	0.049	0.073	0.813
0.061	0.019	0.801	0.119
0.023	0.224	0.055	0.698
0.057	0.035	0.079	0.829
0.054	0.034	0.828	0.084
0.057	0.139	0.038	0.766
0.019	0.026	0.091	0.864
0.063	0.099	0.721	0.117
0.072	0.213	0.033	0.682
>AAGGGAAAAGGA	14-AAGGGAAAAGGA	9.293598	-28.849424	0	T:65.0(5.96%),B:964.0(2.11%),P:1e-12	Tpos:96.8,Tstd:60.8,Bpos:98.9,Bstd:67.2,StrandBias:0.7,Multiplicity:1.92
0.707	0.202	0.082	0.009
0.771	0.081	0.118	0.030
0.136	0.112	0.550	0.202
0.125	0.015	0.736	0.124
0.128	0.041	0.782	0.049
0.883	0.044	0.072	0.001
0.915	0.046	0.005	0.034
0.879	0.024	0.081	0.016
0.789	0.075	0.092	0.044
0.181	0.075	0.492	0.252
0.126	0.096	0.702	0.076
0.630	0.021	0.313	0.036
>TCATTGTAACTC	15-TCATTGTAACTC	13.827957	-23.484288	0	T:5.0(0.46%),B:1.7(0.00%),P:1e-10	Tpos:130.7,Tstd:55.1,Bpos:25.6,Bstd:28.4,StrandBias:3.5,Multiplicity:2.40
0.001	0.001	0.001	0.997
0.001	0.997	0.001	0.001
0.997	0.001	0.001	0.001
0.001	0.001	0.322	0.676
0.001	0.001	0.001	0.997
0.001	0.001	0.997	0.001
0.001	0.001	0.001	0.997
0.997	0.001	0.001	0.001
0.997	0.001	0.001	0.001
0.001	0.906	0.001	0.092
0.001	0.001	0.001	0.997
0.001	0.997	0.001	0.001
>ACTGAAAAACGT	16-ACTGAAAAACGT	13.626346	-23.110644	0	T:8.0(0.73%),B:10.0(0.02%),P:1e-10	Tpos:97.1,Tstd:46.1,Bpos:77.5,Bstd:43.9,StrandBias:-0.8,Multiplicity:1.38
0.997	0.001	0.001	0.001
0.001	0.886	0.112	0.001
0.112	0.001	0.001	0.886
0.112	0.001	0.886	0.001
0.997	0.001	0.001	0.001
0.997	0.001	0.001	0.001
0.886	0.001	0.001	0.112
0.997	0.001	0.001	0.001
0.886	0.001	0.112	0.001
0.001	0.997	0.001	0.001
0.092	0.001	0.815	0.092
0.001	0.001	0.001	0.997
>GGGGGAAACGGG	17-GGGGGAAACGGG	13.443638	-21.216648	0	T:10.0(0.92%),B:24.4(0.05%),P:1e-9	Tpos:103.0,Tstd:52.2,Bpos:118.9,Bstd:79.9,StrandBias:0.7,Multiplicity:1.62
0.109	0.001	0.889	0.001
0.001	0.001	0.997	0.001
0.001	0.109	0.889	0.001
0.001	0.001	0.997	0.001
0.109	0.001	0.889	0.001
0.997	0.001	0.001	0.001
0.997	0.001	0.001	0.001
0.997	0.001	0.001	0.001
0.323	0.548	0.128	0.001
0.109	0.001	0.889	0.001
0.001	0.001	0.997	0.001
0.001	0.001	0.997	0.001
>GAHAGATAGTTA	18-GAHAGATAGTTA	10.569878	-19.485824	0	T:18.0(1.65%),B:126.1(0.28%),P:1e-8	Tpos:108.9,Tstd:40.7,Bpos:97.9,Bstd:51.8,StrandBias:-0.9,Multiplicity:1.17
0.001	0.001	0.997	0.001
0.925	0.001	0.001	0.073
0.313	0.324	0.001	0.363
0.925	0.073	0.001	0.001
0.001	0.136	0.862	0.001
0.925	0.001	0.001	0.073
0.301	0.037	0.001	0.661
0.925	0.001	0.001	0.073
0.001	0.147	0.851	0.001
0.052	0.001	0.367	0.580
0.133	0.001	0.001	0.865
0.808	0.001	0.001	0.190
>TAAACAGCGGTA	19-TAAACAGCGGTA	12.541406	-16.496300	0	T:7.0(0.64%),B:14.7(0.03%),P:1e-7	Tpos:112.0,Tstd:51.7,Bpos:91.6,Bstd:67.6,StrandBias:2.1,Multiplicity:2.29
0.001	0.001	0.001	0.997
0.895	0.103	0.001	0.001
0.997	0.001	0.001	0.001
0.997	0.001	0.001	0.001
0.001	0.997	0.001	0.001
0.997	0.001	0.001	0.001
0.001	0.356	0.642	0.001
0.258	0.488	0.001	0.253
0.229	0.001	0.644	0.126
0.001	0.001	0.746	0.252
0.126	0.001	0.001	0.872
0.997	0.001	0.001	0.001
>GAGAGAGAGNGA	20-GAGAGAGAGNGA	9.374725	-15.680269	0	T:45.0(4.12%),B:787.7(1.73%),P:1e-6	Tpos:106.2,Tstd:46.7,Bpos:97.8,Bstd:67.5,StrandBias:1.1,Multiplicity:1.18
0.243	0.153	0.502	0.102
0.614	0.048	0.194	0.144
0.190	0.147	0.589	0.074
0.697	0.034	0.161	0.108
0.230	0.133	0.565	0.072
0.698	0.052	0.149	0.101
0.261	0.117	0.537	0.085
0.654	0.059	0.174	0.113
0.188	0.097	0.623	0.092
0.293	0.317	0.207	0.182
0.284	0.130	0.434	0.151
0.506	0.126	0.236	0.132
>GGTGCCGGCATC	21-GGTGCCGGCATC	14.214125	-15.383286	0	T:4.0(0.37%),B:2.6(0.01%),P:1e-6	Tpos:77.4,Tstd:46.8,Bpos:125.7,Bstd:6.2,StrandBias:10.0,Multiplicity:2.00
0.001	0.001	0.997	0.001
0.001	0.001	0.997	0.001
0.001	0.001	0.001	0.997
0.001	0.001	0.997	0.001
0.001	0.837	0.161	0.001
0.001	0.997	0.001	0.001
0.161	0.161	0.677	0.001
0.001	0.001	0.997	0.001
0.001	0.997	0.001	0.001
0.837	0.001	0.161	0.001
0.001	0.001	0.001	0.997
0.001	0.997	0.001	0.001
>GAATACTGRGAA	22-GAATACTGRGAA	10.254998	-12.022007	0	T:16.0(1.47%),B:171.1(0.37%),P:1e-5	Tpos:108.1,Tstd:50.8,Bpos:98.0,Bstd:62.7,StrandBias:1.9,Multiplicity:2.53
0.001	0.001	0.997	0.001
0.997	0.001	0.001	0.001
0.997	0.001	0.001	0.001
0.328	0.181	0.001	0.489
0.763	0.235	0.001	0.001
0.125	0.873	0.001	0.001
0.001	0.001	0.001	0.997
0.001	0.001	0.966	0.032
0.435	0.040	0.524	0.001
0.121	0.040	0.838	0.001
0.916	0.001	0.001	0.082
0.919	0.079	0.001	0.001
>TCCTGTCCTGTC	23-TCCTGTCCTGTC	13.643605	-12.017603	0	T:6.0(0.55%),B:18.4(0.04%),P:1e-5	Tpos:120.5,Tstd:51.4,Bpos:108.8,Bstd:46.6,StrandBias:1.7,Multiplicity:1.17
0.090	0.001	0.090	0.819
0.001	0.997	0.001	0.001
0.001	0.997	0.001	0.001
0.001	0.001	0.001	0.997
0.001	0.001	0.997	0.001
0.073	0.001	0.001	0.925
0.089	0.909	0.001	0.001
0.001	0.997	0.001	0.001
0.001	0.001	0.001	0.997
0.001	0.001	0.997	0.001
0.001	0.001	0.001	0.997
0.001	0.946	0.001	0.052
>GTGTGCTTGCTC	24-GTGTGCTTGCTC	14.830525	-10.951466	0	T:3.0(0.27%),B:2.8(0.01%),P:1e-4	Tpos:109.7,Tstd:63.3,Bpos:80.6,Bstd:59.9,StrandBias:2.3,Multiplicity:2.00
0.001	0.001	0.997	0.001
0.001	0.001	0.001	0.997
0.001	0.001	0.997	0.001
0.001	0.001	0.001	0.997
0.001	0.001	0.997	0.001
0.001	0.997	0.001	0.001
0.001	0.001	0.001	0.997
0.170	0.001	0.001	0.828
0.001	0.001	0.997	0.001
0.001	0.997	0.001	0.001
0.001	0.001	0.001	0.997
0.001	0.997	0.001	0.001
>CACCACTGGTCA	25-CACCACTGGTCA	14.212889	-8.256015	0	T:3.0(0.27%),B:5.6(0.01%),P:1e-3	Tpos:87.3,Tstd:47.4,Bpos:112.9,Bstd:52.7,StrandBias:3.0,Multiplicity:3.00
0.102	0.896	0.001	0.001
0.997	0.001	0.001	0.001
0.001	0.997	0.001	0.001
0.001	0.997	0.001	0.001
0.997	0.001	0.001	0.001
0.102	0.896	0.001	0.001
0.001	0.001	0.001	0.997
0.001	0.001	0.997	0.001
0.001	0.001	0.997	0.001
0.001	0.001	0.001	0.997
0.001	0.997	0.001	0.001
0.997	0.001	0.001	0.001
>MGGAAAYG	1-MGGAAAYG	5.569346	-196.835958	0	T:289.0(26.49%),B:3230.8(7.08%),P:1e-85	Tpos:100.4,Tstd:51.9,Bpos:99.7,Bstd:62.6,StrandBias:0.0,Multiplicity:1.20
0.570	0.428	0.001	0.001
0.001	0.001	0.997	0.001
0.001	0.001	0.997	0.001
0.997	0.001	0.001	0.001
0.596	0.001	0.001	0.402
0.943	0.001	0.055	0.001
0.001	0.570	0.001	0.428
0.001	0.001	0.997	0.001
>GTTTCCTG	2-GTTTCCTG	6.474772	-164.125413	0	T:271.0(24.84%),B:3316.7(7.27%),P:1e-71	Tpos:100.2,Tstd:54.5,Bpos:99.6,Bstd:63.0,StrandBias:-0.1,Multiplicity:1.09
0.209	0.001	0.789	0.001
0.001	0.210	0.001	0.788
0.001	0.001	0.001	0.997
0.001	0.001	0.001	0.997
0.001	0.997	0.001	0.001
0.001	0.997	0.001	0.001
0.001	0.001	0.061	0.937
0.001	0.001	0.997	0.001
>AACCACAA	3-AACCACAA	3.701148	-131.174128	0	T:343.0(31.44%),B:5853.0(12.83%),P:1e-56	Tpos:97.9,Tstd:49.8,Bpos:99.9,Bstd:63.1,StrandBias:0.1,Multiplicity:1.20
0.787	0.005	0.100	0.108
0.997	0.001	0.001	0.001
0.001	0.997	0.001	0.001
0.001	0.997	0.001	0.001
0.934	0.001	0.064	0.001
0.001	0.997	0.001	0.001
0.997	0.001	0.001	0.001
0.797	0.001	0.201	0.001
>TGTGGTTD	4-TGTGGTTD	7.211223	-123.628393	0	T:316.0(28.96%),B:5276.6(11.56%),P:1e-53	Tpos:94.5,Tstd:53.0,Bpos:99.0,Bstd:72.2,StrandBias:0.3,Multiplicity:1.32
0.001	0.014	0.003	0.982
0.001	0.131	0.867	0.001
0.001	0.212	0.001	0.786
0.001	0.001	0.734	0.264
0.001	0.001	0.997	0.001
0.031	0.060	0.001	0.908
0.001	0.122	0.027	0.850
0.269	0.001	0.349	0.381
>CATCCTGT	5-CATCCTGT	8.134613	-90.343464	0	T:108.0(9.90%),B:942.8(2.07%),P:1e-39	Tpos:103.2,Tstd:52.6,Bpos:102.9,Bstd:58.4,StrandBias:-0.1,Multiplicity:1.05
0.001	0.997	0.001	0.001
0.886	0.001	0.112	0.001
0.001	0.001	0.001	0.997
0.001	0.997	0.001	0.001
0.001	0.997	0.001	0.001
0.001	0.001	0.075	0.923
0.001	0.001	0.997	0.001
0.001	0.203	0.001	0.795
>DGTAAACA	6-DGTAAACA	9.001890	-83.048390	0	T:124.0(11.37%),B:1339.4(2.94%),P:1e-36	Tpos:103.6,Tstd:50.8,Bpos:100.9,Bstd:67.2,StrandBias:0.0,Multiplicity:1.12
0.311	0.140	0.277	0.271
0.032	0.001	0.966	0.001
0.001	0.001	0.001	0.997
0.944	0.007	0.001	0.048
0.997	0.001	0.001	0.001
0.997	0.001	0.001	0.001
0.001	0.987	0.001	0.011
0.992	0.006	0.001	0.001
>TGACTCAT	7-TGACTCAT	6.541366	-43.172777	0	T:156.0(14.30%),B:3006.6(6.59%),P:1e-18	Tpos:90.5,Tstd:57.2,Bpos:98.4,Bstd:60.9,StrandBias:0.1,Multiplicity:1.10
0.001	0.006	0.001	0.992
0.001	0.066	0.907	0.026
0.971	0.001	0.014	0.014
0.024	0.671	0.278	0.027
0.001	0.001	0.006	0.992
0.079	0.875	0.014	0.032
0.988	0.001	0.010	0.001
0.054	0.092	0.120	0.734
>ACTTCCGC	8-ACTTCCGC	7.004478	-42.947809	0	T:122.0(11.18%),B:2070.1(4.54%),P:1e-18	Tpos:95.1,Tstd:53.8,Bpos:100.7,Bstd:62.0,StrandBias:0.3,Multiplicity:1.07
0.800	0.076	0.060	0.064
0.001	0.967	0.001	0.031
0.058	0.001	0.086	0.855
0.021	0.001	0.001	0.977
0.026	0.956	0.017	0.001
0.001	0.986	0.012	0.001
0.085	0.209	0.657	0.049
0.050	0.819	0.042	0.089
>TTTCCGTT	9-TTTCCGTT	6.101269	-31.242242	0	T:229.0(20.99%),B:5826.2(12.77%),P:1e-13	Tpos:102.4,Tstd:56.3,Bpos:99.7,Bstd:68.4,StrandBias:-0.0,Multiplicity:1.59
0.013	0.291	0.033	0.663
0.062	0.109	0.066	0.763
0.071	0.047	0.065	0.817
0.027	0.809	0.053	0.111
0.102	0.824	0.057	0.017
0.011	0.236	0.678	0.075
0.110	0.149	0.066	0.675
0.071	0.047	0.101	0.781
>GTTCTACT	10-GTTCTACT	4.740626	-27.937045	0	T:75.0(6.87%),B:1237.0(2.71%),P:1e-12	Tpos:97.2,Tstd:60.6,Bpos:98.7,Bstd:61.3,StrandBias:0.7,Multiplicity:1.19
0.001	0.001	0.997	0.001
0.001	0.001	0.001	0.997
0.001	0.087	0.001	0.911
0.029	0.969	0.001	0.001
0.001	0.001	0.001	0.997
0.997	0.001	0.001	0.001
0.001	0.997	0.001	0.001
0.295	0.001	0.001	0.703
>GTGACCAC	11-GTGACCAC	6.361358	-26.022844	0	T:96.0(8.80%),B:1867.2(4.09%),P:1e-11	Tpos:94.6,Tstd:53.4,Bpos:98.9,Bstd:63.4,StrandBias:0.1,Multiplicity:1.21
0.063	0.001	0.935	0.001
0.001	0.001	0.001	0.997
0.097	0.158	0.744	0.001
0.852	0.001	0.146	0.001
0.001	0.997	0.001	0.001
0.001	0.932	0.001	0.066
0.922	0.001	0.076	0.001
0.001	0.997	0.001	0.001
>CCGCTGCA	12-CCGCTGCA	5.036527	-25.317051	0	T:351.0(32.17%),B:10601.8(23.23%),P:1e-10	Tpos:99.8,Tstd:56.9,Bpos:100.7,Bstd:63.7,StrandBias:0.1,Multiplicity:1.22
0.032	0.873	0.036	0.059
0.076	0.829	0.045	0.050
0.160	0.117	0.706	0.017
0.039	0.827	0.052	0.082
0.217	0.044	0.127	0.612
0.150	0.053	0.704	0.093
0.037	0.728	0.049	0.186
0.736	0.070	0.077	0.117
>GCGGCTGC	13-GCGGCTGC	6.577322	-24.646535	0	T:212.0(19.43%),B:5637.9(12.35%),P:1e-10	Tpos:99.6,Tstd:50.8,Bpos:99.2,Bstd:65.8,StrandBias:0.2,Multiplicity:1.26
0.001	0.001	0.997	0.001
0.087	0.658	0.001	0.254
0.001	0.184	0.512	0.303
0.001	0.001	0.997	0.001
0.001	0.791	0.001	0.207
0.240	0.001	0.084	0.675
0.173	0.001	0.606	0.220
0.001	0.997	0.001	0.001
>TCGCCATA	14-TCGCCATA	8.236954	-24.514818	0	T:10.0(0.92%),B:17.3(0.04%),P:1e-10	Tpos:81.7,Tstd:64.9,Bpos:100.1,Bstd:43.1,StrandBias:1.4,Multiplicity:1.10
0.100	0.100	0.100	0.700
0.100	0.700	0.100	0.100
0.100	0.100	0.700	0.100
0.100	0.700	0.100	0.100
0.100	0.700	0.100	0.100
0.700	0.100	0.100	0.100
0.100	0.100	0.100	0.700
0.700	0.100	0.100	0.100
>ACAGATAA	15-ACAGATAA	8.667510	-18.627256	0	T:65.0(5.96%),B:1242.6(2.72%),P:1e-8	Tpos:93.4,Tstd:53.3,Bpos:100.2,Bstd:60.2,StrandBias:0.2,Multiplicity:1.14
0.745	0.001	0.131	0.123
0.001	0.997	0.001	0.001
0.997	0.001	0.001	0.001
0.001	0.001	0.997	0.001
0.997	0.001	0.001	0.001
0.001	0.001	0.001	0.997
0.734	0.001	0.264	0.001
0.997	0.001	0.001	0.001
>AAGGGAAA	16-AAGGGAAA	9.587567	-16.827208	0	T:50.0(4.58%),B:887.8(1.95%),P:1e-7	Tpos:104.9,Tstd:55.6,Bpos:95.2,Bstd:69.6,StrandBias:0.2,Multiplicity:6.18
0.997	0.001	0.001	0.001
0.693	0.001	0.305	0.001
0.310	0.001	0.688	0.001
0.001	0.001	0.997	0.001
0.253	0.001	0.745	0.001
0.634	0.001	0.364	0.001
0.997	0.001	0.001	0.001
0.997	0.001	0.001	0.001
>GGGTCACG	17-GGGTCACG	7.635997	-15.067797	0	T:46.0(4.22%),B:832.8(1.82%),P:1e-6	Tpos:98.9,Tstd:52.1,Bpos:97.1,Bstd:65.9,StrandBias:0.5,Multiplicity:1.07
0.001	0.001	0.997	0.001
0.001	0.069	0.929	0.001
0.001	0.001	0.772	0.226
0.001	0.147	0.001	0.851
0.001	0.534	0.211	0.254
0.997	0.001	0.001	0.001
0.001	0.997	0.001	0.001
0.152	0.001	0.846	0.001
>TTCCCTTT	18-TTCCCTTT	9.025597	-13.464133	0	T:97.0(8.89%),B:2455.7(5.38%),P:1e-5	Tpos:98.5,Tstd:55.2,Bpos:99.4,Bstd:65.1,StrandBias:-0.8,Multiplicity:1.99
0.001	0.001	0.001	0.997
0.001	0.380	0.001	0.618
0.001	0.803	0.001	0.195
0.001	0.997	0.001	0.001
0.001	0.997	0.001	0.001
0.001	0.422	0.001	0.576
0.001	0.001	0.001	0.997
0.001	0.001	0.001	0.997
>GAGAGGAC	19-GAGAGGAC	8.784994	-13.124069	0	T:84.0(7.70%),B:2052.0(4.50%),P:1e-5	Tpos:103.7,Tstd:53.7,Bpos:101.0,Bstd:61.1,StrandBias:-0.3,Multiplicity:1.23
0.001	0.001	0.997	0.001
0.997	0.001	0.001	0.001
0.001	0.392	0.606	0.001
0.997	0.001	0.001	0.001
0.001	0.001	0.741	0.257
0.001	0.001	0.997	0.001
0.997	0.001	0.001	0.001
0.348	0.650	0.001	0.001
>TTTCTCAT	20-TTTCTCAT	8.236954	-12.083404	0	T:33.0(3.02%),B:572.7(1.26%),P:1e-5	Tpos:94.2,Tstd:53.6,Bpos:104.5,Bstd:61.6,StrandBias:0.9,Multiplicity:1.36
0.100	0.100	0.100	0.700
0.100	0.100	0.100	0.700
0.100	0.100	0.100	0.700
0.100	0.700	0.100	0.100
0.100	0.100	0.100	0.700
0.100	0.700	0.100	0.100
0.700	0.100	0.100	0.100
0.100	0.100	0.100	0.700
>CTGRGTGT	21-CTGRGTGT	8.369837	-10.334502	0	T:79.0(7.24%),B:2051.1(4.49%),P:1e-4	Tpos:110.2,Tstd:54.1,Bpos:100.2,Bstd:66.2,StrandBias:0.5,Multiplicity:1.26
0.001	0.785	0.213	0.001
0.001	0.001	0.335	0.663
0.062	0.001	0.936	0.001
0.432	0.001	0.566	0.001
0.075	0.001	0.923	0.001
0.001	0.032	0.001	0.966
0.001	0.001	0.990	0.008
0.001	0.001	0.001	0.997
>TCTCTCTC	22-TCTCTCTC	8.236954	-5.362995	0	T:65.0(5.96%),B:1939.5(4.25%),P:1e-2	Tpos:105.0,Tstd:49.2,Bpos:96.8,Bstd:67.9,StrandBias:-0.9,Multiplicity:1.31
0.100	0.100	0.100	0.700
0.100	0.700	0.100	0.100
0.100	0.100	0.100	0.700
0.100	0.700	0.100	0.100
0.100	0.100	0.100	0.700
0.100	0.700	0.100	0.100
0.100	0.100	0.100	0.700
0.100	0.700	0.100	0.100
>CTATCTAT	23-CTATCTAT	9.502115	-5.010513	0	T:15.0(1.37%),B:299.7(0.66%),P:1e-2	Tpos:106.0,Tstd:43.6,Bpos:97.9,Bstd:55.4,StrandBias:0.9,Multiplicity:2.13
0.001	0.997	0.001	0.001
0.001	0.001	0.046	0.952
0.997	0.001	0.001	0.001
0.231	0.001	0.001	0.767
0.001	0.997	0.001	0.001
0.001	0.001	0.055	0.943
0.997	0.001	0.001	0.001
0.001	0.001	0.001	0.997
>CAGTATTC	24-CAGTATTC	8.236954	-1.111720	0	T:6.0(0.55%),B:196.4(0.43%),P:1e0	Tpos:126.9,Tstd:43.8,Bpos:103.4,Bstd:56.3,StrandBias:-2.9,Multiplicity:2.83
0.100	0.700	0.100	0.100
0.700	0.100	0.100	0.100
0.100	0.100	0.700	0.100
0.100	0.100	0.100	0.700
0.700	0.100	0.100	0.100
0.100	0.100	0.100	0.700
0.100	0.100	0.100	0.700
0.100	0.700	0.100	0.100
