>SAYTTCCTGT	1-SAYTTCCTGT	7.622879	-280.747649	0	T:329.0(30.16%),B:3024.7(6.63%),P:1e-121	Tpos:100.3,Tstd:51.5,Bpos:97.7,Bstd:60.7,StrandBias:-0.0,Multiplicity:1.22
0.145	0.354	0.393	0.108
0.577	0.036	0.301	0.086
0.001	0.551	0.001	0.447
0.325	0.001	0.069	0.605
0.027	0.001	0.043	0.929
0.023	0.975	0.001	0.001
0.019	0.945	0.001	0.035
0.047	0.001	0.251	0.701
0.071	0.214	0.714	0.001
0.021	0.223	0.139	0.617
>TAACCACARH	2-TAACCACARH	7.465916	-139.944151	0	T:247.0(22.64%),B:3157.2(6.92%),P:1e-60	Tpos:96.6,Tstd:51.4,Bpos:98.5,Bstd:64.3,StrandBias:0.3,Multiplicity:1.18
0.395	0.001	0.001	0.603
0.583	0.107	0.178	0.132
0.871	0.027	0.101	0.001
0.073	0.925	0.001	0.001
0.015	0.983	0.001	0.001
0.840	0.059	0.001	0.100
0.111	0.834	0.054	0.001
0.908	0.001	0.001	0.090
0.431	0.063	0.304	0.202
0.246	0.350	0.184	0.220
>NBTTGTTTAC	3-NBTTGTTTAC	8.020443	-96.084860	0	T:165.0(15.12%),B:2017.9(4.42%),P:1e-41	Tpos:107.2,Tstd:51.1,Bpos:100.5,Bstd:66.2,StrandBias:-0.1,Multiplicity:1.16
0.240	0.279	0.191	0.290
0.150	0.223	0.354	0.273
0.186	0.181	0.151	0.481
0.001	0.001	0.001	0.997
0.001	0.001	0.997	0.001
0.001	0.029	0.001	0.969
0.071	0.001	0.001	0.927
0.001	0.001	0.229	0.769
0.997	0.001	0.001	0.001
0.001	0.633	0.100	0.266
>CAACMACAAC	4-CAACMACAAC	6.722041	-69.173450	0	T:313.0(28.69%),B:6854.2(15.02%),P:1e-30	Tpos:96.4,Tstd:52.6,Bpos:100.6,Bstd:69.6,StrandBias:-0.3,Multiplicity:1.34
0.215	0.710	0.074	0.001
0.823	0.105	0.001	0.071
0.791	0.001	0.207	0.001
0.001	0.920	0.013	0.066
0.565	0.433	0.001	0.001
0.627	0.001	0.371	0.001
0.001	0.997	0.001	0.001
0.870	0.114	0.015	0.001
0.653	0.001	0.283	0.063
0.280	0.600	0.040	0.080
>GGGCGGAAGC	5-GGGCGGAAGC	7.562902	-57.157481	0	T:79.0(7.24%),B:794.3(1.74%),P:1e-24	Tpos:100.6,Tstd:53.5,Bpos:103.0,Bstd:65.2,StrandBias:-0.0,Multiplicity:1.08
0.056	0.106	0.764	0.074
0.335	0.080	0.558	0.027
0.116	0.133	0.713	0.038
0.068	0.710	0.091	0.131
0.001	0.029	0.954	0.016
0.001	0.060	0.938	0.001
0.754	0.119	0.079	0.048
0.904	0.001	0.001	0.094
0.111	0.039	0.786	0.064
0.091	0.515	0.061	0.333
>CCCGCATCCG	6-CCCGCATCCG	9.525978	-42.875806	0	T:26.0(2.38%),B:93.8(0.21%),P:1e-18	Tpos:85.0,Tstd:48.8,Bpos:97.4,Bstd:59.1,StrandBias:0.6,Multiplicity:1.33
0.016	0.982	0.001	0.001
0.001	0.647	0.343	0.009
0.010	0.531	0.330	0.129
0.334	0.001	0.664	0.001
0.001	0.684	0.001	0.314
0.814	0.001	0.004	0.181
0.001	0.128	0.001	0.870
0.001	0.993	0.005	0.001
0.181	0.817	0.001	0.001
0.001	0.001	0.668	0.330
>TGACTCATHD	7-TGACTCATHD	7.582952	-37.377053	0	T:110.0(10.08%),B:1903.4(4.17%),P:1e-16	Tpos:99.8,Tstd:56.4,Bpos:96.9,Bstd:59.8,StrandBias:0.2,Multiplicity:1.09
0.019	0.001	0.013	0.967
0.001	0.159	0.829	0.011
0.844	0.043	0.001	0.112
0.001	0.600	0.398	0.001
0.001	0.001	0.001	0.997
0.244	0.516	0.044	0.196
0.947	0.001	0.001	0.051
0.001	0.191	0.187	0.621
0.361	0.241	0.013	0.385
0.302	0.133	0.235	0.330
>TGTAGAACGT	8-TGTAGAACGT	9.675107	-34.242448	0	T:23.0(2.11%),B:99.8(0.22%),P:1e-14	Tpos:108.4,Tstd:56.6,Bpos:99.2,Bstd:59.5,StrandBias:-0.9,Multiplicity:1.39
0.001	0.001	0.001	0.997
0.001	0.001	0.997	0.001
0.001	0.001	0.001	0.997
0.997	0.001	0.001	0.001
0.001	0.001	0.997	0.001
0.797	0.001	0.201	0.001
0.997	0.001	0.001	0.001
0.001	0.997	0.001	0.001
0.233	0.184	0.582	0.001
0.331	0.001	0.001	0.667
>ATATGGCGAG	9-ATATGGCGAG	10.318110	-33.174047	0	T:15.0(1.37%),B:31.9(0.07%),P:1e-14	Tpos:100.9,Tstd:55.0,Bpos:103.3,Bstd:49.5,StrandBias:-1.1,Multiplicity:1.67
0.943	0.001	0.001	0.055
0.039	0.001	0.001	0.959
0.889	0.055	0.001	0.055
0.001	0.001	0.001	0.997
0.055	0.001	0.943	0.001
0.055	0.001	0.943	0.001
0.001	0.902	0.001	0.096
0.179	0.001	0.819	0.001
0.997	0.001	0.001	0.001
0.055	0.001	0.943	0.001
>GTGGGTGAGS	10-GTGGGTGAGS	6.143837	-29.955702	0	T:67.0(6.14%),B:988.3(2.17%),P:1e-13	Tpos:102.5,Tstd:56.6,Bpos:104.0,Bstd:60.0,StrandBias:0.2,Multiplicity:1.06
0.035	0.201	0.512	0.252
0.067	0.127	0.119	0.687
0.218	0.211	0.385	0.186
0.254	0.082	0.600	0.064
0.298	0.072	0.536	0.094
0.147	0.021	0.307	0.525
0.203	0.115	0.431	0.251
0.567	0.070	0.044	0.319
0.328	0.060	0.538	0.074
0.081	0.436	0.391	0.092
>AAARGGGAAA	11-AAARGGGAAA	12.340827	-29.229661	0	T:34.0(3.12%),B:296.9(0.65%),P:1e-12	Tpos:105.7,Tstd:54.1,Bpos:91.9,Bstd:73.6,StrandBias:0.1,Multiplicity:8.82
0.997	0.001	0.001	0.001
0.997	0.001	0.001	0.001
0.974	0.001	0.024	0.001
0.426	0.001	0.572	0.001
0.001	0.001	0.997	0.001
0.001	0.002	0.996	0.001
0.407	0.001	0.591	0.001
0.981	0.001	0.017	0.001
0.997	0.001	0.001	0.001
0.997	0.001	0.001	0.001
>ACTGAAAAAC	12-ACTGAAAAAC	10.469085	-26.242787	0	T:18.0(1.65%),B:82.9(0.18%),P:1e-11	Tpos:100.2,Tstd:56.9,Bpos:105.4,Bstd:77.7,StrandBias:-1.4,Multiplicity:1.22
0.997	0.001	0.001	0.001
0.001	0.997	0.001	0.001
0.001	0.108	0.001	0.890
0.001	0.001	0.997	0.001
0.997	0.001	0.001	0.001
0.997	0.001	0.001	0.001
0.945	0.001	0.001	0.053
0.997	0.001	0.001	0.001
0.727	0.001	0.001	0.271
0.001	0.997	0.001	0.001
>TGYACTTCCT	13-TGYACTTCCT	10.788956	-24.253969	0	T:20.0(1.83%),B:119.5(0.26%),P:1e-10	Tpos:112.0,Tstd:49.5,Bpos:84.1,Bstd:63.8,StrandBias:-1.1,Multiplicity:1.45
0.082	0.379	0.001	0.538
0.001	0.001	0.997	0.001
0.001	0.552	0.001	0.446
0.997	0.001	0.001	0.001
0.001	0.997	0.001	0.001
0.001	0.001	0.001	0.997
0.001	0.001	0.001	0.997
0.001	0.997	0.001	0.001
0.001	0.997	0.001	0.001
0.001	0.159	0.001	0.839
>CGTGACCACG	14-CGTGACCACG	9.785008	-20.924997	0	T:14.0(1.28%),B:63.6(0.14%),P:1e-9	Tpos:90.8,Tstd:51.5,Bpos:113.0,Bstd:63.5,StrandBias:-0.7,Multiplicity:1.21
0.001	0.752	0.125	0.122
0.049	0.034	0.826	0.091
0.001	0.001	0.090	0.908
0.001	0.001	0.997	0.001
0.908	0.001	0.090	0.001
0.001	0.908	0.090	0.001
0.001	0.997	0.001	0.001
0.953	0.045	0.001	0.001
0.001	0.997	0.001	0.001
0.091	0.091	0.817	0.001
>GGAARGGAAA	15-GGAARGGAAA	7.339644	-18.444511	0	T:167.0(15.31%),B:4493.6(9.85%),P:1e-8	Tpos:97.3,Tstd:56.9,Bpos:98.8,Bstd:67.4,StrandBias:0.2,Multiplicity:2.30
0.263	0.141	0.595	0.001
0.317	0.063	0.526	0.094
0.530	0.079	0.326	0.065
0.563	0.023	0.392	0.022
0.502	0.036	0.452	0.010
0.179	0.037	0.746	0.038
0.197	0.032	0.574	0.197
0.571	0.042	0.365	0.022
0.686	0.004	0.215	0.095
0.856	0.004	0.118	0.022
>CAGCAGCGGC	16-CAGCAGCGGC	6.730838	-18.378226	0	T:117.0(10.72%),B:2832.1(6.21%),P:1e-7	Tpos:105.5,Tstd:49.0,Bpos:98.7,Bstd:67.1,StrandBias:0.1,Multiplicity:1.15
0.001	0.918	0.038	0.043
0.584	0.030	0.061	0.325
0.071	0.078	0.850	0.001
0.002	0.828	0.077	0.093
0.571	0.001	0.151	0.277
0.001	0.001	0.974	0.024
0.028	0.948	0.012	0.012
0.001	0.072	0.791	0.136
0.001	0.059	0.939	0.001
0.023	0.605	0.329	0.043
>ACTCAGACAC	17-ACTCAGACAC	10.223841	-17.942788	0	T:21.0(1.92%),B:191.5(0.42%),P:1e-7	Tpos:106.0,Tstd:55.3,Bpos:102.2,Bstd:57.8,StrandBias:-1.1,Multiplicity:1.29
0.997	0.001	0.001	0.001
0.039	0.959	0.001	0.001
0.001	0.001	0.001	0.997
0.001	0.997	0.001	0.001
0.907	0.001	0.001	0.091
0.001	0.001	0.997	0.001
0.823	0.001	0.175	0.001
0.001	0.997	0.001	0.001
0.997	0.001	0.001	0.001
0.001	0.919	0.079	0.001
>TTTCTCATTT	18-TTTCTCATTT	13.747071	-17.203452	0	T:12.0(1.10%),B:59.5(0.13%),P:1e-7	Tpos:95.5,Tstd:54.2,Bpos:108.3,Bstd:45.9,StrandBias:1.6,Multiplicity:1.67
0.001	0.001	0.001	0.997
0.001	0.001	0.001	0.997
0.001	0.001	0.001	0.997
0.083	0.915	0.001	0.001
0.001	0.001	0.001	0.997
0.001	0.997	0.001	0.001
0.997	0.001	0.001	0.001
0.001	0.001	0.001	0.997
0.001	0.001	0.001	0.997
0.001	0.001	0.001	0.997
>TGAAATGKGS	19-TGAAATGKGS	8.113788	-13.653015	0	T:50.0(4.58%),B:991.0(2.17%),P:1e-5	Tpos:89.0,Tstd:55.2,Bpos:101.3,Bstd:62.2,StrandBias:0.4,Multiplicity:1.07
0.079	0.090	0.074	0.757
0.001	0.079	0.875	0.045
0.566	0.029	0.009	0.396
0.891	0.032	0.029	0.048
0.783	0.026	0.166	0.025
0.019	0.001	0.121	0.859
0.001	0.018	0.932	0.049
0.093	0.001	0.430	0.475
0.001	0.035	0.897	0.067
0.029	0.481	0.489	0.001
>TCTCTCTCTC	20-TCTCTCTCTC	8.834734	-12.961549	0	T:54.0(4.95%),B:1132.8(2.48%),P:1e-5	Tpos:105.4,Tstd:47.9,Bpos:97.1,Bstd:67.7,StrandBias:-1.0,Multiplicity:1.30
0.001	0.001	0.013	0.985
0.001	0.997	0.001	0.001
0.001	0.001	0.010	0.988
0.001	0.997	0.001	0.001
0.007	0.001	0.002	0.990
0.001	0.997	0.001	0.001
0.001	0.001	0.007	0.991
0.001	0.997	0.001	0.001
0.001	0.001	0.013	0.985
0.001	0.997	0.001	0.001
>TCTATCTATC	21-TCTATCTATC	8.010752	-9.448985	0	T:59.0(5.41%),B:1450.9(3.18%),P:1e-4	Tpos:92.3,Tstd:55.5,Bpos:101.8,Bstd:64.0,StrandBias:0.4,Multiplicity:1.12
0.125	0.323	0.001	0.551
0.109	0.889	0.001	0.001
0.001	0.110	0.001	0.888
0.687	0.032	0.250	0.031
0.019	0.126	0.001	0.854
0.035	0.593	0.029	0.343
0.001	0.010	0.152	0.837
0.586	0.001	0.132	0.281
0.144	0.033	0.001	0.822
0.160	0.796	0.043	0.001
>ACTGGTCATC	22-ACTGGTCATC	11.725594	-3.883930	0	T:3.0(0.27%),B:24.4(0.05%),P:1e-1	Tpos:87.9,Tstd:54.8,Bpos:111.5,Bstd:58.6,StrandBias:3.0,Multiplicity:3.00
0.997	0.001	0.001	0.001
0.001	0.997	0.001	0.001
0.001	0.001	0.001	0.997
0.141	0.001	0.857	0.001
0.141	0.001	0.857	0.001
0.001	0.001	0.001	0.997
0.001	0.997	0.001	0.001
0.997	0.001	0.001	0.001
0.001	0.001	0.001	0.997
0.001	0.997	0.001	0.001
>CCTGTCCTGT	23-CCTGTCCTGT	10.296193	-3.687830	0	T:5.0(0.46%),B:68.1(0.15%),P:1e-1	Tpos:126.9,Tstd:52.6,Bpos:111.1,Bstd:55.9,StrandBias:3.7,Multiplicity:2.80
0.100	0.700	0.100	0.100
0.100	0.700	0.100	0.100
0.100	0.100	0.100	0.700
0.100	0.100	0.700	0.100
0.100	0.100	0.100	0.700
0.100	0.700	0.100	0.100
0.100	0.700	0.100	0.100
0.100	0.100	0.100	0.700
0.100	0.100	0.700	0.100
0.100	0.100	0.100	0.700
>TGGGAATACT	24-TGGGAATACT	13.530735	-2.012603	0	T:1.0(0.09%),B:7.0(0.02%),P:1e0	Tpos:138.4,Tstd:36.5,Bpos:96.0,Bstd:52.0,StrandBias:10.0,Multiplicity:7.00
0.001	0.001	0.001	0.997
0.001	0.001	0.997	0.001
0.261	0.001	0.737	0.001
0.001	0.001	0.997	0.001
0.997	0.001	0.001	0.001
0.997	0.001	0.001	0.001
0.001	0.001	0.001	0.997
0.997	0.001	0.001	0.001
0.001	0.997	0.001	0.001
0.001	0.001	0.001	0.997
>TCCTGCTCCT	25-TCCTGCTCCT	10.296193	-1.848828	0	T:4.0(0.37%),B:87.2(0.19%),P:1e0	Tpos:110.0,Tstd:64.0,Bpos:112.5,Bstd:52.6,StrandBias:10.0,Multiplicity:4.00
0.100	0.100	0.100	0.700
0.100	0.700	0.100	0.100
0.100	0.700	0.100	0.100
0.100	0.100	0.100	0.700
0.100	0.100	0.700	0.100
0.100	0.700	0.100	0.100
0.100	0.100	0.100	0.700
0.100	0.700	0.100	0.100
0.100	0.700	0.100	0.100
0.100	0.100	0.100	0.700
